	AA	AR	AN	AD	AC	AE	AQ	AG	AH	AI	AL	AK	AM	AF	AP	AS	AT	AW	AY	AV	RA	RR	RN	RD	RC	RE	RQ	RG	RH	RI	RL	RK	RM	RF	RP	RS	RT	RW	RY	RV	NA	NR	NN	ND	NC	NE	NQ	NG	NH	NI	NL	NK	NM	NF	NP	NS	NT	NW	NY	NV	DA	DR	DN	DD	DC	DE	DQ	DG	DH	DI	DL	DK	DM	DF	DP	DS	DT	DW	DY	DV	CA	CR	CN	CD	CC	CE	CQ	CG	CH	CI	CL	CK	CM	CF	CP	CS	CT	CW	CY	CV	EA	ER	EN	ED	EC	EE	EQ	EG	EH	EI	EL	EK	EM	EF	EP	ES	ET	EW	EY	EV	QA	QR	QN	QD	QC	QE	QQ	QG	QH	QI	QL	QK	QM	QF	QP	QS	QT	QW	QY	QV	GA	GR	GN	GD	GC	GE	GQ	GG	GH	GI	GL	GK	GM	GF	GP	GS	GT	GW	GY	GV	HA	HR	HN	HD	HC	HE	HQ	HG	HH	HI	HL	HK	HM	HF	HP	HS	HT	HW	HY	HV	IA	IR	IN	ID	IC	IE	IQ	IG	IH	II	IL	IK	IM	IF	IP	IS	IT	IW	IY	IV	LA	LR	LN	LD	LC	LE	LQ	LG	LH	LI	LL	LK	LM	LF	LP	LS	LT	LW	LY	LV	KA	KR	KN	KD	KC	KE	KQ	KG	KH	KI	KL	KK	KM	KF	KP	KS	KT	KW	KY	KV	MA	MR	MN	MD	MC	ME	MQ	MG	MH	MI	ML	MK	MM	MF	MP	MS	MT	MW	MY	MV	FA	FR	FN	FD	FC	FE	FQ	FG	FH	FI	FL	FK	FM	FF	FP	FS	FT	FW	FY	FV	PA	PR	PN	PD	PC	PE	PQ	PG	PH	PI	PL	PK	PM	PF	PP	PS	PT	PW	PY	PV	SA	SR	SN	SD	SC	SE	SQ	SG	SH	SI	SL	SK	SM	SF	SP	SS	ST	SW	SY	SV	TA	TR	TN	TD	TC	TE	TQ	TG	TH	TI	TL	TK	TM	TF	TP	TS	TT	TW	TY	TV	WA	WR	WN	WD	WC	WE	WQ	WG	WH	WI	WL	WK	WM	WF	WP	WS	WT	WW	WY	WV	YA	YR	YN	YD	YC	YE	YQ	YG	YH	YI	YL	YK	YM	YF	YP	YS	YT	YW	YY	YV	VA	VR	VN	VD	VC	VE	VQ	VG	VH	VI	VL	VK	VM	VF	VP	VS	VT	VW	VY	VV
AA	4293944	17515	11681	22639	10446	34263	7735	207453	6317	31646	30825	70091	10822	8389	33685	406599	257967	333	2614	243729	4775	486	241	707	118	5143	726	2268	470	38	931	268	2959	59	415	4328	1511	0	53	990	5626	209	193	260	99	15270	1244	248	532	631	1009	283	1313	55	302	2855	2605	4	1	1776	6014	490	153	651	39	274	26	1053	8	12082	775	779	442	57	423	10827	3564	7	46	5667	3129	16	66	71	79	32	78	101	0	61	377	2	2	0	3028	721	13892	0	20	1227	6855	1055	317	789	16	1388	316	1102	49	513	964	6957	886	448	630	3535	4467	0	1470	4158	1827	110	59	113	112	787	147	160	47	469	206	253	101	54	2649	1399	953	18	1305	526	37107	146	1638	816	187	2248	103	2324	205	4978	788	1346	2619	212	2592	14389	16243	0	35	6610	1189	97	36	156	16	857	116	498	26	87	1729	2463	89	21	85	1311	631	2	24	187	13102	47	170	42	1724	116	11	440	32	155	805	113	92	3	852	2654	10798	0	185	6842	8279	185	51	23	694	704	117	8698	34	214	787	163	98	28	417	2104	1660	3	15	4499	6054	125	160	343	20	564	139	546	127	68	380	146	141	56	632	1576	558	0	211	1064	3310	62	16	59	1661	81	32	110	62	352	155	55	133	21	593	890	399	0	12	3948	2651	16	133	2	990	8	5	215	7	16	18	24	2	8	47	1472	162	18	10	283	12341	150	63	51	51	179	59	2387	31	63	526	121	36	73	1636	2770	2661	38	47	719	150556	402	1181	1765	354	1466	305	3363	363	721	1591	1305	630	181	3939	35557	20741	16	144	15674	70848	297	821	596	297	535	187	1679	634	5734	748	326	355	302	1435	9643	17221	12	240	11798	1081	0	1	22	0	44	30	10	5	0	0	12	0	1	0	5	9	0	0	9	1568	56	21	36	0	19	120	642	0	14	59	178	0	2	67	260	321	0	25	227	63923	892	160	187	424	692	299	9738	101	1066	1081	1249	108	123	545	4463	5064	10	271	14963
AR	17515	16448546	33872	10492	55920	38820	281291	105135	114376	69776	61279	998233	14973	5256	23528	77729	40889	19589	14309	20428	360	39593	199	247	342	2159	6107	1995	1292	206	1008	2367	33	624	453	476	143	462	31	80	185	42433	630	333	113	234	2500	511	608	127	688	4842	57	84	922	1037	774	11	394	151	211	52508	468	15	190	229	2318	1779	2843	58	572	14069	45	496	128	1322	293	1116	149	27	2	14035	513	114	311	4667	1533	1436	44	216	1787	3668	20	541	88	152	138	0	44	0	238	78414	412	326	104	630	3129	2010	8879	74	3308	19642	563	240	220	1732	1285	256	602	903	337	88592	99	146	248	1898	6594	262	2984	305	343	9736	310	3522	251	806	1246	913	126	449	185	173802	1128	120	451	435	3344	1867	10321	920	507	15218	1344	44	439	1170	2388	207	1991	240	16	3307	37	36	9	129	327	27	356	4	194	1671	14	65	21	70	120	15	29	105	156	35569	137	321	0	636	100	145	356	15	376	3093	158	79	46	1091	258	389	26	226	67	24229	185	76	223	12211	1969	106	1717	43	229	6535	32	1	66	373	949	229	390	94	344	16917	208	958	138	1563	2503	623	323	112	356	10989	91	44	140	476	945	820	444	201	0	19543	40	133	292	18	372	107	438	66	15	1714	95	8	188	260	72	65	588	239	0	7200	11	44	81	15	172	25	416	86	28	109	3	0	0	30	17	40	10	2767	592	391798	266	54	1758	999	4877	938	573	12	437	32634	20	0	316	841	1305	268	58	178	973	577248	1801	1225	2899	1405	12834	8149	4788	550	1824	47619	1350	154	1058	4221	4207	418	1960	2071	1219	284295	1478	247	3059	1123	16099	2867	7196	110	6609	29527	3155	588	492	2627	3108	617	537	1028	2	5	0	3	24	13	4	3	52	0	6	17	0	0	0	0	0	0	0	0	0	12869	121	21	40	10	48	266	303	9	26	234	1	15	23	108	60	4	147	1	838	212544	1518	201	1887	403	7398	934	4283	573	3720	54506	1320	3158	285	2875	1450	682	377	2211
AN	11681	33872	8314476	129525	6747	38827	22921	34676	111519	12595	6908	75314	11471	4173	4891	265307	73872	486	8648	7465	282	209	15727	3181	22	458	79	446	385	89	18	217	39	1841	3	1103	187	48	502	25	200	468	25088	1875	23	168	669	241	636	201	238	579	21	369	160	1357	519	0	585	35	129	3508	8963	3071	33	342	1121	429	4314	240	42	3766	1	139	17	6148	2330	38	578	468	6	160	8260	923	4	118	14	196	191	9	34	64	0	2	0	414	46	0	69	5	1365	858	100896	1374	588	1369	282	212	702	297	1475	10243	213	569	2	1036	947	3	250	910	242	63	14100	8608	300	210	674	275	425	240	92	603	0	58	4	1947	6696	0	390	92	527	112	161099	7521	85	1961	1292	338	1100	391	123	870	78	196	221	6767	1409	3	245	295	161	136	1540	3491	150	271	70	972	447	2	48	106	0	2	0	58	92	0	21	9	29	384	16742	276	0	128	27	42	162	22	69	438	12	0	2758	484	778	0	25	79	22	187	4678	436	3	175	98	27	230	20	23	897	30	0	592	630	67	2	145	103	155	54	8378	889	2	249	55	75	93	172	101	150	34	66	24	1814	330	2	76	140	2	30	3567	15	2	1	7	33	31	0	0	85	21	2	6	112	35	0	1	216	0	22	1880	2152	4	14	8	4	9	17	2	71	0	148	6	148	20	0	2	1	188	345	79938	9124	45	179	599	2388	721	15	40	73	24	19	22	3571	701	0	50	7	631	1520	239466	23331	314	664	585	231	1798	1188	351	1712	137	92	545	23809	10932	10	999	494	472	796	106611	23036	58	605	1523	940	1180	724	278	2992	75	67	123	3796	5670	1	1158	772	4	5	316	64	0	11	2	49	6	0	1	10	0	1	7	6	6	0	46	2	18	44	246	280	0	63	12	0	57	6	5	22	0	8	0	29	21	0	4	7	2334	1339	157462	6698	101	828	238	649	4876	424	33	4351	50	447	551	2871	1404	7	509	808
AD	22639	10492	129525	7897399	638	600823	56241	17941	25854	9113	1103	16316	162	1142	1913	13426	6915	26	5003	6310	394	126	1041	65132	2	6609	131	1384	144	9	8	117	9	264	18	689	77	2	52	28	285	74	6629	34161	2	865	435	127	64	41	12	391	2	38	20	300	70	8	44	454	1054	101	274	27911	206	1784	469	148	924	62	51	435	10	54	70	906	172	0	5	24	0	9	23	80556	0	1180	1	53	0	0	48	29	0	0	0	16	30	0	99	13	106	217	2360	74080	32	2140	468	1197	1967	20	60	5349	6	112	285	611	139	0	7	43	288	116	287	17541	1	661	192	84	145	16	33	253	15	12	82	170	477	0	1	113	459	73	2146	145593	46	5408	82	282	314	378	59	241	8	52	22	594	444	1	3	252	197	1	20	2566	0	700	23	2143	143	2	18	12	0	14	8	109	18	0	12	39	230	10	500	5160	0	583	106	23	3	3	0	38	0	0	7	411	70	0	16	5	31	46	922	18536	6	1831	1032	234	195	4	1	222	0	0	0	616	122	2	171	7	77	96	1087	17608	0	2240	65	169	121	4	75	641	1	32	28	253	379	0	11	61	262	1	110	5836	92	420	65	14	83	0	0	25	6	0	1	40	4	0	10	10	0	1	1001	2465	0	181	14	37	240	4	1	32	0	0	0	306	49	0	39	40	194	75	3761	16015	56	3283	1450	2772	2771	0	5	78	3	2	3	285	318	0	138	11	2545	33	5260	398881	69	7234	1261	1227	334	43	11	985	29	261	19	563	1663	0	904	1307	619	301	3170	160122	17	6783	155	908	1186	104	37	764	37	2	16	687	467	0	489	623	0	1	1	1068	0	222	16	337	0	1	0	0	0	0	0	2	0	0	0	0	11	55	6	970	0	1120	86	146	89	6	24	41	0	0	20	72	16	0	4	7	382	366	3462	136156	21	7321	118	343	467	24	5	1308	7	0	146	590	162	0	262	252
AC	10446	55920	6747	638	2454190	1228	3646	7393	26282	5947	27651	3664	1015	87522	1003	86199	8087	3890	42863	30379	1	204	3	1186	7444	280	8	24155	41	10	6	1	0	136	0	700	21	6	8795	15	283	500	2	3	6106	29	287	1	16	4	91	19	0	34	10	310	6	9	50	59	5	216	2	3	7172	3	0	311	3379	1	75	63	0	25	6	1022	8	56	4150	25	26	20	81	12	27427	3	6	75	87	20	45263	48	0	52	2	142	301	116	94	112	56	252	425	12	8391	1	23	25	274	34	16	104	9	26	52	1986	96	465	492	105	40	10	18	53	1865	0	0	561	190	17	39	8	0	14	12	206	123	63	70	16	620	414	22	5	45817	30	11	1145	192	20	67	65	0	2577	559	1270	304	63	1712	102	9	12	10	305	1041	1	3	282	15	10	231	0	0	19	0	288	22	67	18	32	50	30	10	14	905	20	16	68	15	14	228	0	1	177	39	1054	115	36	93	82	220	15	30	0	839	0	13	471	53	564	6	0	3	42	8	1507	572	139	271	215	70	321	18	286	9186	48	6	8	18	3	0	2	0	12	24	1374	33	0	50	14	35	14	44	4	568	0	0	1	23	6	3	0	0	47	7	79	8	30	32	26	98	4	26	2	966	0	0	0	0	0	0	0	0	0	0	37	24	22	69	0	486	549	22	50	17350	3	50	3	75	14	9	35	12	45	3	253	32	9	923	825	718	2697	328	9	60670	12	927	513	293	267	206	1076	140	544	66	5166	1099	536	851	557	372	458	32	11	46613	4	44	97	430	225	318	54	11	186	28	1113	624	145	907	170	0	2	1	0	246	0	0	0	0	0	0	0	0	0	0	1	0	0	0	0	42	39	3	0	1568	1	1	0	0	0	2	2	0	0	6	51	0	0	3	10	392	682	85	500	75468	23	122	604	207	6	1844	266	18	274	326	1327	151	195	520	244
AE	34263	38820	38827	600823	1228	8699170	138418	23836	10481	5010	48244	301625	7430	1174	7375	16259	27524	1629	289	35504	245	172	1713	27548	20	104821	1548	4696	666	18	230	967	69	36	173	1400	164	5	1158	1492	657	60	296	4519	0	32554	1847	47	284	42	4125	1677	198	16	13	176	558	14	27	86	262	363	778	526	16	24150	1342	982	1112	634	2817	2307	43	1	77	1353	282	4	60	194	3	25	6	504	0	36740	559	99	32	0	0	25	0	0	2	34	64	0	24	3	1224	1374	330	1126	16	37669	9821	1105	770	18	444	7960	472	19	945	3275	1981	7	26	439	456	116	984	7111	1	8277	630	293	141	744	640	2605	147	29	116	278	731	0	18	359	4121	560	1498	10838	17	122089	1960	2913	72	103	96	2436	240	18	33	1448	2093	2	28	2479	76	387	27	6070	0	5136	202	213	504	2	289	3500	75	1	0	172	257	0	157	742	543	35	16	734	9	33845	711	54	638	477	192	584	89	4	595	257	515	0	0	144	134	187	316	3024	24	32070	337	270	23	84	52	756	76	24	93	266	172	2	363	78	266	274	558	14255	6	17596	1323	225	100	93	230	225	20	20	64	484	270	19	21	755	38	23	13	5938	1	13400	3400	71	51	86	33	107	0	0	0	292	41	0	97	13	14	25	2128	16792	0	6808	179	131	0	0	21	43	0	0	1	132	381	0	24	8	383	669	21891	17883	7	28656	9332	262	21	31	562	739	131	0	87	404	2037	0	454	1535	1156	295	8526	20007	5	207266	4667	3135	699	56	942	2389	168	0	79	1276	4113	11	428	2977	592	580	3605	17059	2	197405	1478	657	158	86	475	7195	109	166	1322	603	2190	11	28	976	0	0	0	135	0	203	117	18	0	1	0	0	0	0	0	0	0	0	0	6	163	321	725	345	0	4495	19	243	10	4	132	570	0	0	38	330	125	0	1	8	518	611	589	16957	0	151299	3786	1335	17	224	307	5324	370	0	124	987	792	10	177	815
AQ	7735	281291	22921	56241	3646	138418	6997803	7881	111970	8308	66770	201103	10367	2764	9630	32937	16996	5029	4411	27413	130	1489	304	608	58	7228	18269	242	542	36	1027	365	75	19	2317	170	221	83	21	264	79	618	135	141	119	1602	31294	154	1341	50	2906	893	50	0	171	1119	159	615	83	88	340	4215	273	7	183	978	65128	258	7080	32	1746	6872	37	189	503	994	374	100	19	154	0	268	212	191	2	3096	12760	283	61	0	87	2145	0	0	1	36	32	0	152	83	423	7864	1324	184	70	439	65313	586	5894	118	1163	17005	197	6	506	2410	1321	19	197	137	115	4614	2399	151	71	1179	10895	72	533	12	472	64122	63	12	121	141	749	0	370	47	285	2566	1863	213	62	1086	40166	116	1705	451	450	4005	978	29	484	1026	487	2108	148	926	17	161	43	26	16	539	13523	46	857	5	287	238	5	3	5	986	12	122	7	87	81	219	45	13	7	2477	6608	8	597	1	304	2327	268	2	10	787	171	9	30	88	48	504	126	20	219	1223	14929	6	1520	18	169	1943	183	176	3	33	325	13	449	19	349	365	282	220	227	1454	8443	277	158	66	368	1697	46	30	161	254	186	14	55	61	285	139	12	11	196	133	6590	13	298	7	474	135	1	1	5	333	175	4	0	9	2	73	102	589	0	6	3635	5	119	0	74	145	4	0	8	7	1	1	14	39	149	7415	1272	337	1590	1779	72249	55	489	27	2509	10636	24	6	238	2590	17153	161	126	3968	270	8414	8090	878	180	10104	265325	1681	2141	54	2407	9001	1361	32	405	7175	2625	296	3023	1672	31	4277	762	1182	200	2551	161367	407	4964	79	3508	4706	371	1197	221	507	933	139	194	919	0	2	0	0	0	51	1	7	2	0	10	24	0	2	5	12	9	0	0	0	9	69	2	0	0	108	380	20	4	2	44	29	7	7	0	66	2	2	122	4	370	5079	1659	212	173	3520	117258	381	5856	407	2096	10801	537	209	936	1660	2729	36	852	1115
AG	207453	105135	34676	17941	7393	23836	7881	6862507	3415	1290	1559	12344	514	690	2723	82813	8350	2966	996	16828	269	668	2601	3031	3297	2149	253	30009	1710	25	130	1173	7	0	19	944	63	3	421	152	587	386	312	773	264	365	763	17778	174	48	37	3635	319	8	279	1183	379	46	32	314	509	1569	755	132	48	485	698	56984	741	53	230	3202	9	13	189	1037	2543	93	95	1509	30	47	47	13	9	115	4	52286	0	8	0	49	15	7	0	63	0	0	31	18	368	2525	153	338	114	1102	655	44530	571	86	52	2331	7	5	12	3140	623	23	90	301	75	1321	375	179	841	113	1169	17973	354	11	421	451	74	2	30	1193	38	9	21	267	569	962	979	415	96	1458	83	108036	465	235	216	886	337	40	11	1804	2114	39	111	501	21	30	90	138	25	156	133	63813	44	1	32	18	1	2	13	434	93	8	30	3	578	12	37	13	240	142	29	11656	3	520	103	247	22	251	71	1053	160	4	0	640	1531	63	325	83	113	3222	42	11051	24	3	19	2765	2	1	9	1300	211	18	35	749	231	480	98	661	22	1091	206	9695	16	73	15	351	377	68	92	2475	38	36	28	314	142	9	1	68	368	147	9	12546	37	56	4	11	0	2	1	146	12	8	64	14	320	1	38	33	135	52	0	10110	39	40	10	61	0	0	6	118	93	109	18	25	761	3136	144	261	5	603	81	78457	40	41	30	1769	4	5	86	2897	286	16	116	1096	2343	3181	1849	4296	841	1902	694	391200	1259	50	252	3508	26	51	382	6565	2855	1561	379	637	2852	1375	961	1544	281	738	537	146406	72	45	53	213	103	82	14	5245	420	524	44	1280	10	4	15	22	2	4	0	318	0	5	1	4	41	0	5	13	5	0	0	12	881	6	4	156	0	74	34	11168	93	0	0	1	0	0	383	87	21	2	0	0	3879	3750	2267	895	1704	917	195	181530	22	114	92	1262	84	46	67	2000	201	108	12	5726
AH	6317	114376	111519	25854	26282	10481	111970	3415	5438755	4179	80742	32786	956	24513	9783	64605	24661	1690	113726	9699	50	1003	112	564	294	1374	2863	15	8206	22	1093	31	41	163	111	77	75	8	830	1209	84	400	286	178	36	536	2531	68	13385	23	110	297	8	1251	104	239	97	29	1984	44	56	1359	830	21	35	130	988	87	111113	49	456	423	66	694	249	740	309	16	10115	40	2	449	349	93	231	109	1799	94	38728	110	3581	58	56	0	0	182	1	5	418	31	62	2644	830	2069	188	286	6188	170	95496	27	1186	1553	28	616	523	388	288	18	6011	49	50	669	330	50	251	79	2573	53	11739	0	98	7430	2	53	146	236	863	4	1922	35	857	1838	1644	165	88	282	9627	80	154395	269	181	538	27	570	191	1010	722	428	6904	3839	21	1026	96	103	16	173	940	40	10753	0	260	665	1	1	3	4	17	4	398	2	301	365	583	49	3	874	374	7	12522	876	623	235	0	85	21	616	226	25	1132	178	135	924	434	155	381	253	656	98	11773	28	603	276	12	742	97	5189	2	0	1131	33	25	242	269	169	350	96	623	74	4721	44	221	92	63	191	96	94	83	134	1140	31	22	739	60	22	27	84	44	99	15178	16	10	3	0	32	35	937	2	5	177	5	116	271	2	7	1	7	20	5	2685	36	64	13	0	204	105	99	90	15	2837	0	418	1629	1329	11	124	10	760	6	28596	9	329	343	0	306	14	1582	5	0	5032	1	422	4924	8588	230	1948	180	3352	102	98783	68	1484	826	99	524	1131	1597	489	199	11873	1172	2896	3634	1429	587	531	210	5656	90	107153	297	1394	1356	128	880	1803	1243	779	63	7030	9536	0	28	0	7	24	12	4	14	200	0	0	1	0	0	0	4	9	11	4	0	40	969	47	0	36	21	1	21	375	4	41	150	0	12	1	26	3	5	180	30	56	2589	3773	218	355	602	2561	275	145925	562	1593	1253	34	963	182	2311	1076	127	6741	3394
AI	31646	69776	12595	9113	5947	5010	8308	1290	4179	12047009	929324	13781	174413	67429	1047	27335	158969	166	1043	2227284	77	94	151	1	9	89	187	6	34	10771	1437	65	144	2291	49	325	254	0	68	4173	314	4	1140	921	3	0	166	6	57	20327	664	157	940	113	0	84	380	0	387	3981	187	12	217	26	42	31	98	4	58	28906	1495	3008	378	556	18	263	1241	0	366	4735	69	0	5	0	0	57	140	7	2	19314	9113	75	483	711	24	8	536	0	144	8126	422	1114	644	6	18	53	155	139	170	21513	5909	5622	549	2220	291	635	5315	221	143	7787	40	7	38	17	3	4	59	59	76	7297	946	166	194	42	5	207	353	0	11	3107	1056	161	65	62	3	28	143	22	22	118281	9376	98	7700	1404	343	227	3263	4	13	34473	286	0	30	32	10	6	1	2	1	4969	494	7	20	112	3	34	67	0	4	794	58	40	45	20	81	0	70	272	10	26554	4204	40	1524	657	14	715	1643	0	314	8999	167	85	62	0	30	28	28	2	16	6762	4775	71	1178	88	80	54	1205	0	32	5659	702	0	11	30	4	8	761	51	5	9282	645	818	145	817	2	1360	380	1	84	3615	9	200	0	2	4	0	2	9	9	3206	820	45	100	369	0	935	239	0	40	4035	191	115	37	22	1	2	0	0	0	3621	1385	13	122	51	5	25	341	0	0	1330	267	158	10	55	0	40	58	14	18	11263	826	1093	656	366	25	420	2827	0	48	4569	1380	173	564	92	6	100	925	199	417	124666	12845	275	1944	814	24	9670	10554	68	89	76575	1080	188	124	62	226	54	351	114	157	143480	7178	457	3935	1717	32	1113	9617	0	92	53754	24	1	0	0	0	0	0	0	0	2651	675	0	7	0	0	12	9	0	0	1168	0	31	0	0	1	22	56	8	0	3354	333	2	95	0	0	8	70	0	4	562	1710	885	347	57	55	95	536	116	30	224150	19457	515	8377	2389	14	922	3376	1	36	90130
AL	30825	61279	6908	1103	27651	48244	66770	1559	80742	929324	19862969	26256	513229	312620	29285	66092	59655	11357	16133	702771	287	64	171	620	75	154	503	92	301	1168	33794	133	651	1047	366	416	849	198	1094	2443	32	72	76	4	3	11	270	7	183	689	44876	355	285	9007	30	490	500	125	2316	787	75	82	29	0	96	28	497	6	1781	4705	66691	681	599	2314	306	858	80	13	1033	6230	53	16	4	6	3	7	76	13	4	8810	60436	9	2811	2966	36	35	93	0	16	1679	234	545	416	43	17	68	3528	50	533	8145	39782	14005	1784	706	682	1725	1910	43	133	3096	265	298	89	8	32	11	293	30	76	505	28839	943	200	260	154	332	389	27	576	2212	569	156	549	7	120	107	1292	46	1692	23874	417655	262	16271	26467	2418	1100	2578	1697	776	39685	56	19	5	0	64	2	146	0	257	165	22868	4120	4387	139	29	543	84	26	120	1779	43	282	42	0	70	10	123	57	74	1157	64230	282	6823	4146	162	150	188	0	290	5571	99	267	26	3	91	388	254	29	75	4914	36960	210	6249	3893	134	410	338	32	2134	8471	291	53	140	4	5	39	524	16	44	1584	16598	211	1175	476	221	319	219	3	233	3764	137	262	0	9	0	65	88	4	75	1179	23356	33	2129	973	52	198	332	58	25	3487	2250	126	72	1	1	5	2	4	0	590	13576	73	449	305	23	19	396	0	15	1392	366	204	250	33	9	116	449	49	559	1434	74601	123	4398	656	266	1547	423	136	352	18994	548	1093	315	37	112	1093	1533	228	1008	16118	327247	3083	7126	5863	678	2063	5243	1798	4859	23262	974	1164	191	33	115	149	1488	532	1080	7467	459939	484	8508	2771	1289	473	2438	63	5559	39795	7	1	12	0	0	2	0	0	5	146	1022	5	907	0	16	2	0	0	0	479	0	32	0	0	2	0	22	4	30	478	4343	71	753	134	2	155	31	1	222	496	510	8001	136	28	154	395	31919	299	516	14778	434296	2336	24822	9900	474	1591	3189	5	527	19449
AK	70091	998233	75314	16316	3664	301625	201103	12344	32786	13781	26256	9737643	23717	981	17179	69146	73000	2162	1719	47886	762	3559	2617	1714	133	2307	5670	289	321	193	1250	26279	67	497	84	3683	574	20	39	362	507	1374	1461	109	26	453	1857	244	127	30	193	41742	187	70	24	544	1137	335	8	466	297	7426	1095	56	17	744	1101	526	1104	47	53	176710	389	51	21	1313	1072	21	269	52	6	194	3614	744	0	194	210	93	67	1	40	22658	49	39	2	856	55	0	0	0	464	13715	1745	199	87	1498	2760	693	1104	242	871	281597	2362	16	241	1133	1071	63	29	221	234	1434	759	206	23	448	1473	159	329	27	904	61591	662	1092	99	654	1206	123	4	28	161	22474	4550	436	198	3594	10833	930	387	343	456	213546	590	23	41	2238	1146	1002	36	12365	54	483	817	56	1	185	1276	44	573	15	247	24289	69	0	2	37	793	50	31	125	109	1437	294	5	4	1221	148	109	50	85	89	46229	216	38	10	644	904	6	1	860	578	2046	711	29	17	209	2255	89	159	512	244	35742	142	1	96	966	787	20	223	193	384	1976	749	190	266	1376	1075	139	91	115	612	21536	202	114	2	2381	2135	172	13	385	122	1865	39	6	16	110	289	181	26	58	20	10023	283	8	16	538	1332	0	13	848	33	396	30	1	0	24	54	8	1	2	33	5418	22	1	6	5	10	60	2	737	332	8723	1585	1590	81	1331	1333	77	148	799	1581	71059	22	0	85	574	2039	199	17	1983	2675	49031	5549	548	43	4619	8183	1453	3367	186	548	422153	1161	13	817	8250	16576	71	704	1946	857	17330	1396	192	348	2741	8696	2329	1281	511	997	213494	3420	101	169	5191	4090	62	39	102	8	5	0	0	1	135	3	2	0	0	3	1907	0	0	0	3	0	0	0	0	0	927	211	69	0	16	26	40	96	31	68	5003	14	0	0	86	68	0	66	17	1249	21823	5500	369	29	1312	5422	270	3512	1607	2786	258144	2232	12	368	2039	1528	11	1824	3845
AM	10822	14973	11471	162	1015	7430	10367	514	956	174413	513229	23717	5530972	10912	986	18510	61492	1525	1861	178184	74	32	21	14	6	47	321	0	14	59	2875	192	1182	281	37	65	205	0	40	152	633	89	58	0	2	6	7	6	20	815	1169	706	40922	263	1	123	740	0	0	380	159	284	35	339	0	108	8	8	163	1360	2125	3197	2026	212	7	798	1269	0	176	1005	1138	50	3	15	0	0	50	42	46	1367	4163	52	12835	78	0	313	467	0	16	1651	369	1101	102	29	6	1155	748	11	238	781	2569	16961	8158	123	150	216	5213	0	388	2210	16	61	4	33	34	31	1411	106	29	119	1318	439	1776	38	0	104	401	0	2	211	117	2137	29	0	18	139	106	2	383	4513	17393	573	47389	110	468	288	2309	26	77	2677	123	39	2	24	16	20	524	37	0	185	452	11930	2613	106	0	626	182	0	0	162	85	26	0	2	3	83	0	12	2	813	2408	401	17189	604	14	192	756	0	19	3408	201	48	4	2	10	342	111	1	0	142	1800	389	5060	66	64	38	1170	112	1	461	90	127	17	41	0	131	78	44	34	464	1263	214	4370	42	35	14	169	0	217	363	91	19	1	0	0	0	4	5	0	265	638	22	2049	83	0	20	241	0	0	2581	32	0	2	0	0	2	0	0	0	70	209	7	949	1	0	0	184	0	0	44	64	471	0	24	16	238	12	181	17	391	647	34	3646	69	7	154	6336	0	1	1205	618	554	450	2	0	223	271	50	63	3413	8080	997	47281	581	7	1839	6542	0	1376	8270	713	173	367	9	24	114	174	7	7	3586	7144	1017	36170	3112	474	372	3385	21	308	6859	26	3	0	0	0	0	3	0	0	444	155	51	159	4	0	0	0	0	2	433	0	22	0	0	0	0	132	0	0	112	98	11	259	1	0	6	119	0	0	101	1067	394	37	4	0	1089	242	34	78	4712	9965	879	63655	522	29	253	2320	2	57	8360
AF	8389	5256	4173	1142	87522	1174	2764	690	24513	67429	312620	981	10912	10455574	1588	60007	27737	9213	1394403	45587	13	44	519	7	942	240	930	1	89	13	187	11	16	12039	0	93	10	2	1984	171	11	6	27	3	6	17	7	1	646	805	537	3	8	48913	8	61	86	46	11530	69	22	99	119	0	27	7	13	8	432	1106	2824	15	8	23643	18	1429	608	154	20788	38	65	21	8	0	48	0	51	205	3	584	14939	2	10	33847	42	52	2	6	1055	1703	18	40	85	0	37	0	14	139	602	3433	2594	608	52	28525	7	748	45	2	14697	35	15	5	0	2	67	0	1	0	62	1	1411	2	33	9115	0	658	17	0	5068	62	42	23	43	14	907	21	16	276	456	2689	4888	69	1434	235246	62	529	358	300	20856	2112	81	3	52	20	61	60	22	0	9	29	236	1	142	3987	0	17	336	0	2038	21	19	26	28	0	280	9	128	6	107	254	4010	12	350	28359	37	956	95	12	2381	607	28	18	0	20	35	124	11	0	102	195	1078	17	146	31966	17	1048	10	34	1251	1092	40	30	16	4	28	50	269	0	145	5	207	6	2	15174	2	171	44	0	4739	78	7	2	10	0	55	103	4	24	36	52	386	0	305	17700	28	222	10	2	3988	695	9	0	24	0	3	0	0	68	34	433	224	0	36	6645	0	210	6	0	929	169	21	13	32	1	52	3	5	6	66	16	1766	0	17	20498	186	347	22	78	7985	41	172	51	140	0	1351	4	278	100	474	346	6402	4	9	202388	412	1320	186	1832	77909	3096	220	36	110	30	294	4	23	3	320	759	8268	52	62	120481	87	2086	564	25	74782	1147	0	0	0	0	0	0	2	0	0	0	0	0	0	164	0	1067	0	0	7	0	0	0	0	1	6	0	0	68	37	52	121	0	0	931	0	3	8	0	171	200	735	38	19	2	593	47	15	5	1208	1677	14219	27	542	179836	61	1695	150	38	16606	3718
AP	33685	23528	4891	1913	1003	7375	9630	2723	9783	1047	29285	17179	986	1588	2121116	61834	31796	478	2331	5918	217	42	219	29	2	1641	41	90	1319	143	513	87	3	5	9981	201	555	4	200	196	107	533	161	164	4	268	158	489	1417	72	93	939	26	21	6344	1086	1533	0	59	216	380	741	25	32	16	121	348	184	528	137	598	975	4	30	16001	3279	8049	68	601	207	23	142	51	1	6	7	3	0	11	142	27	5	0	0	11410	168	5	0	5	10	1166	587	127	6	30	183	1054	50	452	233	998	1269	148	16	20490	1664	14816	1	682	817	144	700	0	8	13	271	46	21	85	4	184	481	0	4	9891	263	107	0	20	116	1254	414	345	178	7	90	101	239	651	55	3697	3129	20	486	95916	2699	303	47	120	278	202	20	13	9	10	42	52	16	0	3	40	305	9	4	1970	453	155	84	0	19	516	116	31	3	2	6	27	5	8	3	762	428	1	32	4682	282	677	1	20	331	313	278	115	13	142	5	25	24	21	0	525	60	100	14	12286	876	91	16	332	225	132	29	181	62	16	625	89	128	379	48	543	20	0	25	10679	1256	442	0	21	136	320	20	59	0	0	0	160	4	0	0	210	0	0	0	3375	379	131	0	0	129	115	98	47	0	0	5	65	3	2	72	46	368	1	0	3139	318	16	0	0	8	585	260	10	55	8	95	58	49	96	40	183	2	7	246	13723	913	691	0	316	64	389	1103	417	595	169	183	588	382	394	98	1281	1080	22	176	67333	3674	2716	5	210	646	301	704	303	72	77	31	846	84	1572	26	709	525	21	72	54587	2444	1509	0	1146	939	0	4	0	0	0	1	4	0	145	0	20	0	16	0	745	8	52	0	0	0	46	0	1	3	0	10	0	0	3	2	5	138	0	0	322	73	19	8	0	82	1876	834	191	262	24	257	669	157	675	81	709	768	32	81	47191	754	806	6	528	1191
AS	406599	77729	265307	13426	86199	16259	32937	82813	64605	27335	66092	69146	18510	60007	61834	9372126	400751	22712	34503	80678	1835	179	419	965	513	1522	1439	7986	131	407	512	279	202	817	1765	30396	1200	22	171	478	1782	209	904	377	1182	171	860	364	1125	584	447	1623	16	587	566	30375	2983	376	745	177	3013	698	1988	949	205	226	461	2074	786	955	701	3717	362	333	1048	76709	6555	232	768	753	725	66	372	23	220	15	25	66	17	27	1855	23	2	7	14	16101	1330	10	355	71	1594	3137	1701	477	711	325	920	1514	800	1517	440	14189	342	482	743	41947	13327	5	219	561	1392	418	768	178	275	90	2479	1403	386	256	149	1723	142	123	373	12005	1855	7	38	549	12545	594	2461	724	782	2231	859	2137	549	1798	2549	3426	198	1351	3265	202736	16415	73	1038	2274	3666	194	86	474	426	150	160	513	1154	329	99	106	254	714	250	22230	1939	264	86	125	2473	247	347	16	285	43	167	257	198	946	3555	231	201	479	2928	31855	1504	58	105	686	1290	179	207	443	612	310	164	716	40	174	557	230	1454	61	381	20811	2907	48	78	321	529	193	560	501	379	576	253	404	218	505	139	443	90	355	1162	15244	1695	17	506	183	687	39	322	8	163	69	2	502	55	20	146	21	17	6	349	7166	805	10	419	38	443	50	255	106	498	36	41	212	8	8	531	13	9	160	4	18284	929	31	8	20	2866	366	1141	232	625	114	28	1241	111	82	483	3050	59	132	690	108167	3046	27	128	335	49721	2974	37330	1257	14284	554	1082	4746	1918	865	1286	5472	1419	1742	2279	443179	33458	185	1239	4805	21706	1278	3721	1073	6409	325	1222	7203	1508	3001	5612	2815	320	642	3764	104095	18702	858	4185	3028	488	13	53	6	3	112	16	8	0	1	60	36	2	1	13	562	4	0	0	0	441	116	108	33	12	44	76	109	55	77	46	261	12	15	132	2747	249	35	0	89	7689	1461	3366	756	444	750	1186	2436	568	2099	2131	2991	819	1160	1755	110617	14018	263	840	5007
AT	257967	40889	73872	6915	8087	27524	16996	8350	24661	158969	59655	73000	61492	27737	31796	400751	9531332	1589	4305	210399	705	222	1197	444	84	704	510	93	94	215	1818	453	106	186	369	1794	16475	9	164	738	1150	270	2173	2706	199	147	942	41	50	563	157	1043	113	978	106	2624	17497	304	1995	212	1899	418	635	394	30	78	105	70	245	1712	1492	3625	343	137	267	4894	70625	0	45	2035	483	6	566	270	87	14	18	23	18	298	256	78	235	374	3	625	27494	0	171	597	2950	2374	1065	95	31	251	278	412	261	9263	1033	12379	1484	521	516	4701	80060	0	20	2811	401	73	504	60	540	193	90	478	87	249	316	1314	115	100	69	2589	35974	10	191	1337	2720	545	2578	100	3337	290	991	168	198	5537	1299	1718	612	282	1224	7418	171134	180	72	15183	1006	247	28	354	286	274	357	540	8	97	344	317	320	217	19	2023	9904	6	39	528	1477	85	85	53	20	466	44	111	21	672	390	165	196	82	581	5529	18376	0	218	2674	610	241	210	84	14	481	117	208	73	678	291	646	103	283	593	1936	19433	0	25	884	869	124	841	154	364	207	111	79	48	325	116	950	232	76	143	4803	12649	14	166	465	427	30	46	7	141	2	8	18	6	351	68	42	564	145	57	769	7586	0	31	582	170	280	56	37	2	201	53	42	4	20	66	123	7	68	32	423	8102	0	1	114	4983	610	505	43	52	376	23	19	20	3283	627	306	1163	115	821	3154	57583	8	118	1582	15170	1354	7354	499	1144	786	1167	607	782	6973	2925	2796	5265	317	1015	145123	690080	88	2876	7887	18888	1518	4457	383	441	268	251	2696	826	6632	6119	3269	1865	134	1238	12117	286189	22	643	36311	278	0	5	12	0	12	10	7	0	6	0	0	7	0	0	1	332	0	0	8	17	95	114	33	4	55	1122	16	6	349	757	63	3	3	82	412	4136	0	6	464	18978	1054	2362	87	95	1787	978	178	338	3370	1178	3718	2921	424	4397	10428	123495	0	404	13403
AW	333	19589	486	26	3890	1629	5029	2966	1690	166	11357	2162	1525	9213	478	22712	1589	4216239	14318	274	162	40	0	0	32	24	0	184	19	1248	271	11	504	64	8	5	11	13098	27	100	0	91	0	0	2	0	16	468	13	13	744	28	0	49	16	26	55	9315	61	1	3	176	2	10	42	14	692	2692	1547	6	158	16	22	136	26	238	7	26096	2307	378	0	15	0	0	5	1	4	853	0	0	0	0	0	13	0	4	0	25999	6	0	11	118	0	0	46	4	83	14	60	0	183	16	0	554	3	193	14	36702	1580	46	0	440	0	1	57	14	2	74	41	88	465	119	0	113	304	32	15	9454	177	836	16	167	38	2	16	1	46	1014	9	236	753	24	0	383	46	165	28	98778	565	16	89	14	0	0	8	6	2	9	3	44	35	0	15	0	9	272	0	2696	0	1276	0	10	0	0	1	1	155	0	2	0	48	7	0	60	0	11	0	16611	24	27	0	28	0	16	24	13	2	11	18	11	18	361	6	265	2	89	809	32733	28	13	50	16	2	1	0	0	20	0	15	2	50	18	0	167	4	160	29	6204	20	62	0	41	11	0	33	10	4	9	13	0	2	6	0	2	0	9	4	16859	121	0	0	5	0	0	37	0	1	236	0	0	53	0	0	15	0	2	59	9387	0	0	46	185	0	0	10	30	18	67	4	2	40	87	0	103	23	70	413	59364	128	1	534	636	290	20	5107	33	379	587	10	859	483	25	12	801	27	2359	1013	325893	1240	650	297	691	0	0	713	25	197	186	32	2	133	12	16	68	6	5670	2712	236262	202	92	0	4	0	0	0	0	4	0	5	0	5	0	0	10	4	8	0	472	0	0	0	45	0	0	0	145	0	526	0	0	0	0	0	0	0	60	0	975	3	44	12	285	0	0	78	10	123	180	34	4	172	26	26	187	24	1249	0	129013	63	78
AY	2614	14309	8648	5003	42863	289	4411	996	113726	1043	16133	1719	1861	1394403	2331	34503	4305	14318	11214656	7290	6	181	17	80	491	74	814	535	694	26	257	4	237	1092	0	35	16	9	41955	152	16	8	1	5	97	10	72	11	774	2	200	31	7	1444	40	90	27	62	37550	6	63	80	12	180	479	17	201	68	7717	19	2099	73	3	2139	7	502	15	272	89876	34	157	119	126	2	48	30	214	12	2855	1	3189	7	0	4032	0	415	3	19	58263	6	136	186	489	106	153	0	310	23	6705	34	392	424	30	1908	32	1088	41	493	105586	122	42	218	6	12	51	86	306	4	276	33	79	249	11	2070	2	431	0	0	27148	32	58	594	124	28	1146	3	522	22	5133	58	233	50	12	22297	161	673	74	1266	151674	649	1	67	9	130	27	18	111	3	628	8	10	1495	0	408	0	9	8	0	11405	14	102	5	823	17	95	5	91	3	1440	88	308	28	56	2125	4	167	52	0	23555	795	6	35	37	14	247	44	116	20	926	8	77	4	8	7973	14	711	78	8	24811	0	19	31	32	14	144	26	297	4	171	4	86	35	7	1316	14	18	243	32	21521	28	0	22	15	13	143	30	9	10	344	75	54	0	27	1581	2	520	59	0	24452	776	17	80	9	0	23	0	0	6	655	0	243	0	1	377	19	698	110	6	15408	6	56	532	152	39	365	20	382	10	1169	9	186	162	0	2834	46	6307	67	173	195985	2	55	1534	882	341	2198	20	385	79	6430	131	2800	81	18	28449	815	2948	354	1732	767690	83	540	162	163	150	2162	20	863	19	6263	391	1314	63	1	21797	66	3410	447	363	651518	121	0	0	0	4	23	0	4	0	0	0	0	0	0	201	0	36	0	0	631	0	33	2	10	0	17	0	0	4	191	16	231	0	4	206	0	159	0	0	7269	108	226	118	395	467	2272	140	439	109	4474	10	1661	380	47	13942	24	1035	303	7	135240	528
AV	243729	20428	7465	6310	30379	35504	27413	16828	9699	2227284	702771	47886	178184	45587	5918	80678	210399	274	7290	15416624	1331	609	7	322	31	2569	973	94	130	4798	2515	86	184	208	240	1200	5154	26	17	30800	1003	10	565	425	0	430	51	56	10	38129	749	313	768	341	2	262	1091	2	22	38129	2090	249	18	219	915	617	296	3371	108	14228	1224	2583	796	481	16	105	1209	0	23	152353	1089	19	1	16	569	17	30	5	0	5876	6148	8	968	405	71	309	893	12	72	33366	1577	411	199	337	14	5909	1477	523	187	7437	3548	5926	1085	852	213	1408	3919	2	67	53007	283	46	4	16	10	249	136	223	14	2748	1216	104	335	54	71	73	2622	0	9	13537	4157	304	579	45	9	2296	233	282	150	46482	27652	970	20915	1399	393	1739	6793	759	52	402813	390	32	13	45	6	78	245	4	0	1453	736	4469	30	62	13	12	290	0	2	8651	1828	139	18	24	94	106	10	270	4	11714	5480	244	734	2452	75	215	1798	33	100	53183	2719	60	49	8	123	142	121	120	2	7327	2272	25	836	932	34	157	849	114	14	66529	862	9	164	266	50	757	771	109	4	5387	2096	126	915	2185	13	445	3305	1	88	34665	1439	14	2	44	5	40	98	0	2	5319	1878	50	585	287	101	417	1762	1	8	28014	619	113	25	3	8	159	82	144	2	7512	603	22	48	13	24	40	242	2	0	12806	1686	63	7	82	14	1537	208	94	7	16073	6493	197	764	203	167	469	4499	1	46	62102	8095	463	413	162	533	518	1314	1383	231	58394	15708	1639	21175	533	316	6511	15955	522	1223	818851	5018	312	397	169	484	313	842	932	1130	26122	29053	1106	3589	1767	178	1370	15696	42	277	501408	45	15	0	0	1	6	15	35	0	531	177	9	14	0	0	8	8	0	0	1138	118	51	2	4	2	43	24	0	27	9067	136	4	6094	0	6	6	60	0	6	8333	16277	1057	78	466	69	1657	371	1229	236	106303	33921	1420	5885	6377	161	1197	7266	8	87	531957
RA	4775	360	282	394	1	245	130	269	50	77	287	762	74	13	217	1835	705	162	6	1331	335357	20662	46401	125551	38791	291374	41175	244592	20882	71633	70917	39318	46976	21074	163003	603423	321625	1399	30210	298133	1469	342	290	491	81	720	1070	1470	188	328	236	577	264	68	465	4739	1950	70	112	956	948	369	94	8	86	65	99	87	1659	89	321	840	66	16	144	25421	846	1	13	776	1377	295	167	464	39	622	61	239	57	453	298	379	59	41	283	1240	1578	6	27	1387	2272	620	265	144	52	471	257	322	536	363	486	1276	103	145	319	3614	7512	8	224	1111	12702	1594	1986	2022	546	5364	2562	3245	5287	3018	1844	3274	679	1669	3139	14622	11696	31	2118	9505	5846	224	363	878	212	1282	291	3974	119	660	302	419	88	342	296	4759	7267	3	18	2102	11605	503	370	1046	144	1814	1045	2763	204	1406	800	1249	870	252	1140	6633	7262	42	206	7349	400	16	8	23	1	227	2	4	37	295	29	130	1	13	318	314	800	0	5	254	3712	291	177	402	106	1099	1452	231	478	506	1426	581	505	307	244	3545	2815	0	37	6294	25787	1260	2474	6232	1030	10973	3908	4440	1387	10450	3493	3401	6061	1839	5884	41827	24780	444	1114	20510	780	47	47	51	45	149	17	9	47	94	31	72	12	22	136	703	336	13	22	508	328	61	6	18	2	72	11	13	1	1	29	72	17	72	98	190	37	6	258	139	1493	181	691	324	13	281	193	331	50	147	720	281	49	57	415	2799	637	56	439	1612	5176	460	274	423	31	1479	725	1290	167	421	511	676	539	256	560	5282	7416	9	281	1895	1627	934	365	265	53	575	239	197	1040	148	661	949	70	80	273	5504	2379	36	79	2989	680	49	46	341	25	521	22	22	38	169	170	98	215	65	127	589	159	507	4	480	144	243	81	40	47	180	135	0	95	60	21	253	214	13	161	677	293	210	4	522	1012	40	20	92	240	187	26	138	10	303	113	181	68	29	103	690	236	30	33	537
RR	486	39593	209	126	204	172	1489	668	1003	94	64	3559	32	44	42	179	222	40	181	609	20662	8869938	94096	42946	93974	95524	410096	86581	150191	7258	155679	839389	32988	20179	38760	139666	49176	36741	16178	26149	96	10526	3139	114	58	1700	2258	359	1194	46	338	4724	191	30	122	1018	967	155	55	49	85	3133	80	66	131	123	636	62	768	29	98	1266	6	9	258	337	704	41	106	13	6	20020	411	105	374	266	1107	299	1731	29	764	3390	90	12	93	125	325	186	50	134	473	15178	268	987	128	212	1783	407	1049	225	314	6828	308	28	50	1561	1162	200	250	68	1015	114534	1089	622	1299	2616	10537	9316	7915	563	6542	23875	719	259	637	4940	3215	865	438	575	3003	30454	462	350	1281	559	2672	1547	951	45	941	7253	452	4	594	2050	4539	584	165	207	211	54907	1702	252	7582	1086	4655	1099	1999	99	455	11841	592	74	594	2733	1265	315	689	259	186	4369	240	41	69	589	282	14	25	11	74	1396	13	5	385	163	49	26	0	1269	246	21911	380	217	94	1414	2826	1604	343	82	1709	7545	68	185	149	1243	2494	904	85	2471	1712	293793	7326	3826	9168	3865	23633	3631	7708	2915	12932	80537	1052	1041	2965	10030	3108	1591	2475	1151	8	1304	98	150	110	144	314	227	404	53	65	257	111	1	313	97	107	6	15	218	68	1174	0	4	9	66	96	88	44	40	3	395	1	0	7	27	12	0	20	19	41	11683	250	251	273	45	288	290	1039	13	242	1024	133	7	103	586	130	47	74	22	138	39515	2560	488	460	746	4061	1289	1492	94	1424	7989	69	42	260	1118	848	542	236	113	2246	22427	1733	175	42	1828	1229	310	553	71	478	8093	156	13	130	492	10777	108	72	350	54	52276	169	90	98	301	998	221	256	51	51	1166	2	58	25	1418	204	24	213	27	2	5031	24	6	4	54	674	125	261	155	463	1527	12	14	89	181	400	20	36	424	203	7992	50	86	377	547	141	334	244	272	896	1623	375	130	145	409	488	27	28	448
RN	241	199	15727	1041	3	1713	304	2601	112	151	171	2617	21	519	219	419	1197	0	17	7	46401	94096	22993936	1274080	18084	165471	89231	276908	377142	40586	22511	261958	10687	13155	21444	923189	288356	2455	216122	32488	1260	619	39899	4772	5	1492	1405	1256	3121	204	312	4193	2006	1448	1649	6194	3047	0	1727	235	118	678	7243	4894	11	381	521	397	2018	157	1125	1316	6	129	46	1725	221	10	84	2	807	985	75762	73418	379	882	470	650	922	39	66	2512	3	17	68	3416	3273	0	101	105	1394	1083	10137	5081	40	928	1258	1447	2173	1140	477	3735	63	53	139	3041	1356	290	311	121	2277	5989	175465	13489	206	4055	3066	6299	17716	11819	8133	26204	2913	1100	292	20801	8287	0	1733	3315	408	1245	53032	10801	193	1784	960	4722	2183	3855	386	3779	30	48	1021	3551	1389	4	96	116	2330	2603	122331	9610	466	2939	1281	1291	7020	524	343	9610	318	89	320	10089	6059	26	497	593	303	34	11254	3316	476	667	77	102	210	309	3	1364	6	30	0	1909	1103	0	181	0	2265	654	29293	2506	59	2141	1999	828	1846	301	277	3447	10	39	323	3503	871	6	563	216	2622	9438	664385	46591	758	11834	4714	13561	9906	12690	2424	18219	1262	2234	1245	33742	14962	291	7382	1591	35	382	11408	741	0	249	148	356	293	0	12	299	811	1	39	2490	528	8	77	0	2	111	1591	43	5	184	19	52	18	3	0	368	0	31	0	78	38	0	26	0	569	1143	34985	806	1	185	135	1911	562	115	32	1476	12	11	19	2001	983	0	642	52	563	1754	47885	14062	129	2106	1222	2242	1624	217	549	6277	537	250	795	4639	1480	408	1577	226	427	739	25764	5606	23	988	286	281	604	47	168	3787	576	0	105	3088	1562	12	699	111	756	440	45946	2899	5987	157	334	1204	1254	16	24	6535	2	4	109	44541	588	0	1472	8	31	40	4610	853	20	222	190	119	118	14	870	380	40	1	0	1394	412	0	285	4	653	137	4209	20701	455	464	121	149	87	16	34	359	6	78	228	2682	470	0	888	45
RD	707	247	3181	65132	1186	27548	608	3031	564	1	620	1714	14	7	29	965	444	0	80	322	125551	42946	1274080	77941980	18678	3575414	110631	318575	204138	8009	26676	128704	7194	22652	38928	339318	75136	2256	43067	36538	2514	717	8949	92387	54	33263	4492	2840	2238	110	1145	2858	7	450	214	5763	2595	1	666	281	930	539	5914	24712	62	1451	3272	321	1477	200	4858	5314	189	676	179	7372	2556	10	1000	7	1493	86	17762	145109	376	26575	900	2212	1561	4	1950	1976	0	231	12	3276	834	2	84	465	6427	1582	5936	81948	6	11289	5906	4606	1770	1518	1541	7021	177	830	449	6729	4066	156	1555	206	13078	9315	49155	610250	1664	96846	27578	20422	12015	560	6396	31704	1020	3361	3745	22538	13735	214	4646	8599	3634	948	8567	141853	192	23057	2130	7109	2323	94	158	1171	251	103	809	3963	1373	652	819	1754	19012	2680	20761	563298	309	52812	12158	4680	4360	84	656	6938	44	1255	4629	22661	7616	28	1203	1824	1967	24	1031	21704	2	11178	2310	378	504	47	606	3706	84	267	177	1042	946	0	1184	583	7977	5338	9073	172318	234	34183	13789	13259	5801	302	2453	10146	10	1292	391	5485	899	2	4116	372	13637	10752	86060	1896418	738	429411	18724	44688	16676	2086	3089	14779	1474	2088	13178	33876	10790	121	4846	7258	865	105	1282	23740	229	7873	676	2279	268	707	117	189	12	34	104	419	294	0	284	219	2	15	2512	7152	0	3588	27	46	15	2	1	1033	0	5	6	304	54	0	0	140	1524	4722	6366	52414	7	3614	533	2452	15961	14	76	6594	2	0	610	498	3401	0	295	3034	1623	400	16987	199383	563	31914	4290	8680	3249	105	417	4581	1037	1002	807	3895	4472	26	1991	1241	1276	1712	13655	103374	149	25570	1004	1669	3863	387	342	2322	164	250	342	2431	7903	0	813	1061	732	484	11778	80337	3144	6094	702	1394	846	91	81	358	8	0	152	1109	434	0	30	38	119	168	4505	29046	13	6579	484	101	612	20	405	3031	8	12	29	2337	2498	16	23	18	1163	61	2290	31334	1	8848	1423	1041	430	416	412	776	8	36	8	1266	1684	26	380	299
RC	118	342	22	2	7444	20	58	3297	294	9	75	133	6	942	2	513	84	32	491	31	38791	93974	18084	18678	5160558	5633	18671	98585	32259	10871	22999	19780	5758	36081	6482	222292	35978	9152	107271	37451	248	574	228	126	42629	227	14	38	43	20	102	263	0	235	8	550	80	81	895	105	12	139	20	6	1312	6	5	907	20	4	227	332	3	17	3	835	51	4	56	2	136	155	146	7	77698	19	62	287	289	154	35	172	12	125	38	1040	1725	31	735	60	17	76	4	0	2793	2	122	41	695	1	103	158	4	73	0	850	75	833	847	11	309	1058	276	164	71486	189	284	852	1335	794	2283	3573	627	1304	199	65806	1609	396	1644	346	45	834	399	298	9035	3	241	176	252	8	90	16	132	193	370	8334	168	280	1295	63	1509	912	81	23	78953	1627	545	523	512	39	339	167	9	291	80	25933	288	183	2383	353	26	84	208	25	4219	44	423	6	10	10	138	540	0	10	24	3184	7	672	14	40	2586	866	61	28	12414	76	50	280	1207	13	78	66	4	574	135	2307	4984	107	545	34	1799	1600	893	966	291476	342	402	2099	1469	483	2876	252	244	2650	176	35216	1711	1048	6683	1694	8	10	638	13	2456	0	0	490	6	4	0	67	5	1348	0	333	150	1011	12	110	2	20	0	6	7957	1	113	11	0	0	9	0	0	14	8	32	35	202	197	0	12	289	8	20	3494	0	4	6	52	10	77	47	0	68	14	1661	100	7	681	496	1093	805	1142	6	25071	9	206	119	319	60	220	60	4	143	27	1643	221	138	2944	20	520	189	360	12	11940	31	57	5	123	24	100	73	0	82	89	1079	86	98	511	8	88	1253	20	6	2149	0	0	57	51	24	49	43	0	22	0	238	9	6	65	4	2	10	376	0	4746	12	2	880	16	6	0	0	0	62	24	1335	114	30	381	1	24	332	42	174	12495	48	410	10	344	19	3	49	37	15	3	1375	40	0	160	176
